[[0.01553793 0.0155136  0.01550056 0.01550256 0.01552782 0.0155768
  0.01558873 0.01563859 0.01521761 0.01547133 0.01539704 0.01537442
  0.01539211 0.01549086 0.01560043 0.01526521 0.01578935 0.01559437
  0.01539092 0.01551874 0.01561077 0.01569086 0.01549545 0.01571514
  0.01572439 0.0156438  0.01585874 0.0158206  0.01565434 0.01575475
  0.01579897 0.01583252 0.01579805 0.0156386  0.01593766 0.0160126
  0.01563399 0.01578285 0.01593231 0.01588201 0.01596674 0.0155273
  0.01562923 0.01553273 0.01549711 0.015497   0.01582585 0.01594463
  0.01604996 0.01565172 0.01555163 0.01573195 0.01563879 0.01564668
  0.0158025  0.01616787 0.01548552 0.01516635 0.01531439 0.01516083
  0.01526494 0.01560638 0.01560256 0.01562998]
 [0.01552984 0.0155054  0.01549147 0.01549263 0.01551928 0.01556967
  0.01558277 0.0156315  0.01520129 0.01546281 0.01538672 0.01536531
  0.01538361 0.01547951 0.01559438 0.01525871 0.01579479 0.01559248
  0.01538468 0.01551593 0.0156152  0.01569775 0.01549422 0.01571894
  0.01572984 0.01564358 0.01586481 0.01583026 0.0156571  0.01575984
  0.01579977 0.01584034 0.01580463 0.01564675 0.01594198 0.01602041
  0.01563504 0.01578014 0.01593989 0.01589021 0.01597467 0.01553193
  0.01562427 0.01553463 0.01550534 0.01549174 0.01582679 0.01595272
  0.01606221 0.01566068 0.01554563 0.01573827 0.01563797 0.01565327
  0.01580116 0.01617941 0.0154869  0.01516072 0.01531205 0.01515585
  0.01526188 0.0156079  0.01561022 0.0156302 ]
 [0.01553753 0.01551241 0.01549906 0.01550093 0.01552722 0.01557784
  0.01558948 0.01563882 0.01520141 0.01546932 0.0153913  0.01536872
  0.01538699 0.01548657 0.01560167 0.01525929 0.01579053 0.01558714
  0.01538418 0.01551577 0.01561278 0.0156993  0.01548977 0.01571468
  0.01572433 0.01564033 0.01586515 0.01582614 0.01565455 0.01576385
  0.01579883 0.01583551 0.01579979 0.0156413  0.01594766 0.01602284
  0.01563639 0.01578695 0.01593666 0.01588603 0.0159746  0.01552283
  0.01562465 0.01553    0.01549795 0.01549332 0.0158334  0.01595137
  0.01606137 0.01565386 0.01554472 0.01573734 0.01563779 0.01564853
  0.01580646 0.01617971 0.01548393 0.01515515 0.01530774 0.01514953
  0.01525602 0.0156101  0.01560027 0.01563034]
 [0.01554707 0.01552221 0.01550966 0.01551205 0.01553718 0.01558625
  0.01559618 0.0156425  0.01521463 0.01547958 0.01540394 0.01538019
  0.01539758 0.01549623 0.01560634 0.01527491 0.0157789  0.01558238
  0.01539435 0.01551666 0.01561518 0.01570231 0.01548734 0.01570835
  0.01571416 0.01563418 0.01586087 0.01581899 0.01565366 0.01576718
  0.01579138 0.01582283 0.0157886  0.01563438 0.01594447 0.01601329
  0.01563672 0.01578942 0.01592497 0.01587147 0.0159619  0.01551468
  0.01561997 0.01552552 0.01550152 0.0154932  0.01583458 0.01593629
  0.01604532 0.01564928 0.01554204 0.01573356 0.01564062 0.01564713
  0.01579914 0.01616077 0.01548839 0.01516674 0.01531669 0.01516188
  0.01526368 0.015614   0.01559306 0.01563152]
 [0.01553475 0.01551021 0.01549708 0.01549931 0.01552444 0.01557368
  0.01558575 0.01563699 0.01521659 0.01546745 0.0153933  0.01537099
  0.01538917 0.01548951 0.01559782 0.01525662 0.01579365 0.01559704
  0.0153875  0.01552012 0.01561052 0.01568948 0.01549708 0.01571886
  0.01572733 0.01564695 0.01586256 0.01582473 0.01565435 0.01575367
  0.01580281 0.01583615 0.01580163 0.01563914 0.01593992 0.01601829
  0.01563267 0.01578416 0.01593665 0.01588622 0.01597004 0.01552768
  0.01563176 0.01553184 0.0154944  0.01549625 0.01582611 0.01594967
  0.01605442 0.01565145 0.0155531  0.01573046 0.0156399  0.01564529
  0.01580711 0.0161754  0.01548349 0.01516071 0.01531119 0.01515558
  0.01526066 0.0156042  0.0156038  0.01563031]
 [0.01554805 0.01552415 0.01551223 0.01551491 0.01553847 0.01558502
  0.01559521 0.01564488 0.01524272 0.01548234 0.01541105 0.0153874
  0.01540452 0.01550461 0.01560618 0.01527545 0.01577988 0.01559976
  0.01540135 0.01552261 0.01560931 0.01568509 0.01549727 0.0157109
  0.01571522 0.01564404 0.01585056 0.01580848 0.01565226 0.01574828
  0.01579485 0.01581946 0.01578709 0.01562883 0.01593053 0.01599733
  0.01563262 0.01578484 0.01591892 0.01586742 0.01595077 0.01552491
  0.01563374 0.0155342  0.0154904  0.01550502 0.01581994 0.01592944
  0.01602936 0.01564302 0.01555984 0.01572387 0.01564514 0.01563617
  0.01580106 0.01614643 0.01548591 0.01517816 0.01532105 0.01517305
  0.01527258 0.01560645 0.01559527 0.0156301 ]
 [0.01557496 0.01555177 0.01554137 0.01554406 0.01556686 0.01561117
  0.01561834 0.01565239 0.0152471  0.01551364 0.01544164 0.01541582
  0.01543089 0.0155168  0.01562443 0.01533527 0.01574261 0.01556922
  0.01542898 0.0155174  0.01561981 0.01570956 0.0154758  0.01568292
  0.01568617 0.01561325 0.01583589 0.01578824 0.01565146 0.01576883
  0.01576015 0.01578555 0.01575499 0.015618   0.01592536 0.01596429
  0.01564499 0.01578628 0.0158792  0.01582873 0.01592368 0.01550878
  0.01560258 0.01553634 0.01550404 0.01551009 0.01582455 0.01588632
  0.01599183 0.01563904 0.01553919 0.01573542 0.01564085 0.01563748
  0.01577408 0.016087   0.01550341 0.01521961 0.01535109 0.01521162
  0.0153016  0.01563614 0.01557888 0.0156322 ]
 [0.01553549 0.01551255 0.01549956 0.01549894 0.01552677 0.01557421
  0.01558604 0.01562085 0.01522106 0.01547499 0.01541004 0.01539029
  0.01540539 0.01548243 0.01559238 0.0153217  0.01576841 0.01557755
  0.01541805 0.01551942 0.01563513 0.01572513 0.01549254 0.01571066
  0.01571185 0.01560957 0.01584912 0.01581648 0.01565659 0.01576452
  0.01578431 0.01582296 0.01578747 0.01563224 0.01592365 0.01595793
  0.01563171 0.01577844 0.01591622 0.01586599 0.0159443  0.01552604
  0.01559526 0.01554506 0.01552938 0.01548946 0.01582608 0.01591454
  0.0160234  0.01565528 0.01553129 0.01573521 0.01564909 0.01565584
  0.01577654 0.0161192  0.01551583 0.01521592 0.01535023 0.01521032
  0.01529713 0.01564632 0.01560719 0.01563253]
 [0.01543827 0.01541186 0.01539385 0.01539898 0.0154268  0.01548673
  0.01550943 0.01551542 0.01503848 0.01538058 0.01533602 0.01531401
  0.01533101 0.01536838 0.0155014  0.01530797 0.01582569 0.01549578
  0.01540875 0.01552761 0.01565913 0.01580908 0.01549276 0.01578645
  0.01577293 0.01554558 0.01597195 0.01595548 0.01564998 0.01582617
  0.01583588 0.01591448 0.01586818 0.01562827 0.01597614 0.01607667
  0.01562019 0.01578982 0.01601332 0.01595867 0.01604079 0.01547649
  0.01549333 0.01549619 0.01559594 0.0153874  0.01593356 0.01598147
  0.01613178 0.01567602 0.0154302  0.01574426 0.01561303 0.01573406
  0.01578963 0.01622357 0.01557525 0.0152097  0.01537961 0.01520049
  0.01527967 0.01573576 0.01565719 0.01564647]
 [0.01553784 0.01551321 0.01549965 0.01550112 0.01552731 0.01557672
  0.01558711 0.0156325  0.01520053 0.01546992 0.0153927  0.01536906
  0.01538751 0.01548239 0.01559766 0.01526505 0.0157858  0.01558813
  0.01538875 0.01551182 0.01562109 0.01570746 0.01548796 0.01571478
  0.01572074 0.01563729 0.01586595 0.01583061 0.01566094 0.01576826
  0.01579332 0.01582921 0.01579481 0.01564229 0.01595115 0.01602484
  0.01563781 0.01578758 0.01593222 0.01587758 0.0159675  0.01552374
  0.01561633 0.01552755 0.01551004 0.01548717 0.01583462 0.01594326
  0.01605713 0.01566098 0.01554106 0.01573603 0.01564614 0.01564822
  0.01579691 0.01617227 0.01548949 0.01516145 0.01531162 0.01515856
  0.01525911 0.01561276 0.01560553 0.01563189]
 [0.01558932 0.01556529 0.01555582 0.01556009 0.01558231 0.01562536
  0.01562681 0.0156506  0.01525046 0.01553107 0.01545794 0.01543155
  0.01544583 0.01552802 0.01563292 0.01536069 0.01571691 0.0155435
  0.01544821 0.01552197 0.01563949 0.01573591 0.01545959 0.01566424
  0.01566271 0.01558663 0.01584654 0.01579717 0.01565004 0.01579325
  0.01573461 0.0157622  0.01573112 0.01560519 0.01594083 0.01596182
  0.01564872 0.01579544 0.01584921 0.01580373 0.01590854 0.01548517
  0.01556852 0.01552598 0.01550868 0.01550755 0.01583808 0.01586319
  0.01597107 0.01563429 0.01551241 0.01573557 0.0156495  0.01562963
  0.01577157 0.01605548 0.01551466 0.01523971 0.01536747 0.01523338
  0.01531337 0.01566711 0.01556849 0.01563747]
 [0.01557846 0.015554   0.01554411 0.01554851 0.01557085 0.01561521
  0.0156177  0.01563375 0.01522064 0.01551868 0.01544843 0.01542188
  0.01543875 0.01551133 0.01561935 0.0153576  0.01572149 0.01552971
  0.01544362 0.01552534 0.01564628 0.01575931 0.01546152 0.01567195
  0.01566637 0.01557576 0.0158615  0.01581828 0.01565374 0.01580558
  0.01573716 0.0157688  0.01573718 0.01560732 0.0159454  0.01597817
  0.01564975 0.01579976 0.01585705 0.01580881 0.01591358 0.01548344
  0.01555507 0.01552356 0.01552334 0.01549354 0.01585104 0.01586683
  0.01598501 0.01564234 0.01550037 0.01573828 0.01564924 0.01563868
  0.01577082 0.0160683  0.01552545 0.01523838 0.01537275 0.01523085
  0.01530595 0.01567808 0.01557739 0.01563869]
 [0.01556339 0.01553877 0.01552829 0.01553269 0.0155551  0.01560089
  0.01560579 0.01562283 0.01520175 0.0155023  0.01543413 0.0154087
  0.01542724 0.01549796 0.01560758 0.01534049 0.01573712 0.01552897
  0.01543311 0.01553015 0.01564474 0.01575981 0.01547012 0.01568187
  0.01568055 0.01557987 0.01587046 0.01583455 0.01565586 0.01580302
  0.01574859 0.01578515 0.01575293 0.01561344 0.01594547 0.01599654
  0.01564688 0.01579884 0.01587326 0.01582623 0.01592635 0.01548923
  0.01555753 0.01552205 0.0155246  0.01548549 0.01585633 0.01588342
  0.01600441 0.01564759 0.01549846 0.01573768 0.01564195 0.01564619
  0.01577839 0.01609282 0.01552679 0.01522898 0.01536882 0.01521964
  0.01529692 0.01567286 0.01558974 0.01563833]
 [0.01553042 0.01550615 0.01549446 0.01549959 0.01552188 0.01556978
  0.01557983 0.01560785 0.01519681 0.01547085 0.01541416 0.01538919
  0.01540463 0.01547896 0.0155834  0.01532531 0.01576959 0.01554894
  0.01543087 0.01553251 0.01562867 0.01573422 0.01548926 0.01571997
  0.01571311 0.01559035 0.01588183 0.01584273 0.01564689 0.0157795
  0.01579333 0.01582613 0.01579176 0.0156067  0.01593879 0.01599732
  0.01562947 0.01579368 0.01592182 0.0158695  0.01595457 0.01549159
  0.0155739  0.01551932 0.0155205  0.01547117 0.01586536 0.01591526
  0.01602778 0.01563639 0.01551009 0.01572261 0.01563651 0.01565704
  0.01579226 0.01612638 0.01552938 0.01522157 0.015362   0.0152126
  0.01529402 0.01567112 0.01560009 0.01563826]
 [0.01551446 0.01549108 0.01547691 0.01547682 0.01550363 0.01555204
  0.01556555 0.01561179 0.01520562 0.01544764 0.01538067 0.01536025
  0.01537973 0.01546738 0.01557548 0.01525728 0.01580323 0.0156049
  0.01538762 0.01552112 0.01562549 0.01570529 0.01551099 0.01573345
  0.01573822 0.0156423  0.01586234 0.01584039 0.01566655 0.01574956
  0.01581118 0.01584785 0.01581395 0.01564671 0.01593378 0.0160112
  0.01562661 0.01578189 0.01594864 0.01589429 0.01596646 0.01554445
  0.01562368 0.01553826 0.01551807 0.01548108 0.01582558 0.01595253
  0.01606222 0.01566722 0.01555137 0.01572501 0.01565325 0.0156505
  0.01579788 0.01618021 0.01549862 0.01517208 0.01531785 0.01516876
  0.0152621  0.01560924 0.01562847 0.01563124]
 [0.01565652 0.01563493 0.01562886 0.01563423 0.01565163 0.01568397
  0.01567829 0.01569774 0.01537186 0.01560675 0.01552622 0.01549811
  0.01550847 0.01559774 0.01568358 0.01541663 0.01565503 0.01556616
  0.01549564 0.01551575 0.01564278 0.01570423 0.01543634 0.01561336
  0.01560704 0.01559496 0.01579416 0.01572385 0.0156453  0.01577808
  0.01566963 0.01568271 0.01565933 0.01558753 0.0159165  0.01588176
  0.01566318 0.01578291 0.01575377 0.01571919 0.0158346  0.01548587
  0.01556888 0.01554495 0.01548131 0.01557056 0.01578033 0.01578221
  0.01586331 0.01561668 0.01553602 0.01573242 0.01567181 0.01558227
  0.0157422  0.01592992 0.01549927 0.01530089 0.01540226 0.01529996
  0.01537278 0.01566557 0.01553474 0.0156364 ]
 [0.01551088 0.01549616 0.0154903  0.01549216 0.01550715 0.01553498
  0.01554789 0.01554081 0.0152969  0.01548221 0.01548206 0.01546615
  0.01547437 0.01547471 0.01553913 0.01550294 0.01573221 0.01553113
  0.01554132 0.01560693 0.01567484 0.0157584  0.01558702 0.01571187
  0.01570526 0.01553055 0.01579728 0.01580788 0.01564373 0.01573144
  0.01576624 0.01578956 0.01576584 0.01558131 0.01578927 0.0158078
  0.01560516 0.01574893 0.0158344  0.01580739 0.01583685 0.01553891
  0.01553765 0.01556837 0.01559298 0.01548664 0.01581693 0.01580072
  0.01588211 0.01562546 0.01551731 0.01566754 0.01561726 0.01567567
  0.0157128  0.01592138 0.01563489 0.01545752 0.01552008 0.01543145
  0.01544621 0.01572871 0.01564916 0.01563884]
 [0.0153408  0.01532248 0.01529947 0.0152916  0.01532744 0.01538174
  0.0154213  0.01544802 0.0150927  0.01529623 0.0152743  0.01527646
  0.01529365 0.01530879 0.01542577 0.01526539 0.01590776 0.01559989
  0.01538983 0.01555977 0.01567683 0.01574754 0.01560456 0.0158333
  0.0158643  0.01561947 0.01590741 0.01596801 0.01567814 0.01572405
  0.01587619 0.01599336 0.01594591 0.01571074 0.01586785 0.01599603
  0.01558679 0.0157039  0.01605571 0.0160335  0.01603744 0.01562988
  0.01555755 0.01557384 0.01564172 0.01540875 0.01581206 0.01603182
  0.0161463  0.01574272 0.01549449 0.01572768 0.01560705 0.01576845
  0.01576028 0.01623867 0.01558758 0.01526166 0.01539786 0.01525225
  0.01533124 0.01565799 0.01578158 0.01563413]
 [0.0155807  0.01555817 0.01555094 0.01555705 0.0155746  0.01560951
  0.01560808 0.01561997 0.01529622 0.01553207 0.0154792  0.01545168
  0.01546433 0.01553138 0.01561129 0.01539533 0.01571317 0.01554715
  0.01549027 0.01554891 0.01565578 0.01574221 0.01549487 0.01567271
  0.01566376 0.01557103 0.01583543 0.0157972  0.01564729 0.01578637
  0.01573275 0.01575056 0.01572526 0.01557885 0.01591616 0.0159216
  0.01563932 0.01579674 0.01582089 0.0157843  0.01587293 0.01548685
  0.01554605 0.01552976 0.01550449 0.01551982 0.01582739 0.01583121
  0.01592291 0.01561928 0.01551013 0.01570424 0.0156572  0.01560896
  0.01576561 0.01599465 0.01554184 0.01530991 0.01541404 0.01530119
  0.01535638 0.01569737 0.01558182 0.01564291]
 [0.01551818 0.01549492 0.01549081 0.01550284 0.01551361 0.01554994
  0.01556113 0.01555104 0.015257   0.01548019 0.01547585 0.01545441
  0.01546756 0.01549633 0.01554787 0.01544504 0.01575116 0.01547712
  0.01552236 0.01562041 0.01565286 0.01578483 0.01555905 0.01572171
  0.0157058  0.01550392 0.01586318 0.01584484 0.01561446 0.01578072
  0.01578924 0.01580949 0.01578099 0.01553407 0.01585825 0.01588508
  0.01560643 0.01580881 0.01585747 0.01583695 0.0158924  0.01545074
  0.0155008  0.01551508 0.01551049 0.01548791 0.01588708 0.01584235
  0.01592524 0.01557028 0.01547043 0.01566226 0.0155998  0.01565014
  0.01579404 0.01599138 0.01560952 0.01539581 0.01550174 0.01535989
  0.0153887  0.01577634 0.01559611 0.01564552]
 [0.01546968 0.0154504  0.01543957 0.01544313 0.01546025 0.01549774
  0.01551977 0.01554072 0.0152749  0.01542619 0.0154025  0.01539431
  0.01541798 0.0154623  0.01551815 0.01530005 0.0158198  0.01559195
  0.01544727 0.01561368 0.01563779 0.01570768 0.01559551 0.01574155
  0.01576269 0.01562764 0.01585011 0.01586968 0.01564822 0.01571771
  0.01579762 0.01585317 0.01582571 0.01563369 0.01582584 0.01593463
  0.01561245 0.0157409  0.01589177 0.01588954 0.01591943 0.01558681
  0.01559718 0.01558231 0.01550919 0.01552542 0.01576425 0.01591239
  0.01598045 0.01565316 0.01555262 0.01569618 0.01560931 0.01565367
  0.01579271 0.01607957 0.01554783 0.01532016 0.01544292 0.01529554
  0.0153654  0.0156445  0.01568085 0.01563384]
 [0.01554579 0.01552796 0.01552478 0.01553672 0.01553895 0.01556506
  0.01558176 0.0156244  0.01542209 0.01550387 0.0154898  0.01546855
  0.01548362 0.01556666 0.0155825  0.01534133 0.01578066 0.0156246
  0.01549296 0.01562458 0.01557492 0.01559949 0.01560324 0.01571479
  0.01572647 0.01566041 0.01579697 0.01576853 0.01561649 0.01564785
  0.0157983  0.01579092 0.0157742  0.01556887 0.01579062 0.01589242
  0.01560244 0.01574635 0.01584076 0.01582727 0.01586054 0.0155481
  0.01566813 0.01555427 0.01543388 0.01557224 0.01575653 0.01585349
  0.01588485 0.01557656 0.01561762 0.01563897 0.01559806 0.0156088
  0.01580393 0.01599767 0.01552014 0.01534683 0.01544589 0.01532094
  0.01539035 0.01559644 0.01561326 0.01562451]
 [0.01550665 0.01548859 0.01548275 0.01548882 0.01550278 0.01553923
  0.01556066 0.01554871 0.0152397  0.01547997 0.01547486 0.01546099
  0.01546815 0.01546925 0.01554911 0.01550593 0.01574662 0.01547381
  0.0155335  0.01560728 0.01565217 0.01575886 0.0155608  0.0157117
  0.01572193 0.01550937 0.01582552 0.01581408 0.01561438 0.01574793
  0.0157706  0.01581903 0.01578836 0.01557145 0.01580952 0.01583042
  0.01561438 0.01575044 0.01585369 0.01584481 0.01588883 0.01549607
  0.01550798 0.01555254 0.01556084 0.01548691 0.01585885 0.01582993
  0.0159142  0.01559933 0.01547481 0.01569303 0.0155569  0.01569779
  0.01574586 0.0159515  0.01562992 0.01544617 0.01553209 0.01540662
  0.01544551 0.01576474 0.01562603 0.01563669]
 [0.01563703 0.01562196 0.01562244 0.01562523 0.01563645 0.01565443
  0.01564951 0.01562762 0.01539898 0.0156036  0.01559131 0.01556338
  0.01556897 0.01558304 0.01563021 0.01559917 0.01561692 0.01550154
  0.01558428 0.01558561 0.01568235 0.01577748 0.01553081 0.01561898
  0.01559298 0.01550588 0.01574352 0.01571307 0.0156399  0.01575946
  0.01567492 0.01565435 0.0156385  0.01554669 0.01579159 0.01574731
  0.01563417 0.01577245 0.01571344 0.01566468 0.01573635 0.01548618
  0.01553734 0.01555028 0.01559397 0.01551872 0.01580153 0.01568059
  0.01576935 0.01560068 0.01552542 0.01567371 0.01565016 0.01564344
  0.0156614  0.01579102 0.01562036 0.01548171 0.01553394 0.01546345
  0.01546111 0.01571946 0.01555893 0.01563672]
 [0.01551656 0.01550291 0.01549509 0.01549331 0.0155121  0.01554034
  0.0155517  0.01554482 0.0152847  0.01548672 0.01547193 0.01545806
  0.01546714 0.01546623 0.01554684 0.01549515 0.01572368 0.01554151
  0.01553001 0.01558653 0.0156875  0.01576327 0.01556952 0.01569567
  0.01569944 0.01554261 0.01578777 0.01580804 0.01566253 0.01574063
  0.01574156 0.0157795  0.01575552 0.01561254 0.01579855 0.01581741
  0.01561774 0.0157358  0.01582483 0.01579703 0.01583416 0.01556329
  0.01553731 0.01557854 0.015617   0.01548752 0.01579643 0.01580015
  0.0158898  0.01565885 0.01551673 0.01568979 0.01562768 0.01568104
  0.01568879 0.01592292 0.01562802 0.01544426 0.01550417 0.01542449
  0.01544438 0.01570976 0.01566357 0.01563857]
 [0.01544142 0.01542197 0.0154028  0.01539161 0.01543139 0.01548484
  0.01550835 0.01551836 0.01508206 0.01539361 0.01533814 0.01533523
  0.01535178 0.01536269 0.01551486 0.015356   0.0158073  0.01553297
  0.01540697 0.01553144 0.01569134 0.01580804 0.01553037 0.01573303
  0.01577064 0.01557105 0.01585906 0.01589849 0.01568274 0.01579407
  0.01578217 0.01589168 0.01584545 0.01570816 0.01588853 0.0159524
  0.01563329 0.01572612 0.01595438 0.01592768 0.01598106 0.01559951
  0.01553457 0.01558627 0.01565279 0.01543817 0.01581875 0.01595021
  0.01609101 0.01574165 0.01547294 0.01577832 0.01560775 0.01575178
  0.01571878 0.01614567 0.01558716 0.01527213 0.01539414 0.01525669
  0.01533489 0.01568223 0.01570794 0.01563306]
 [0.01557223 0.01555476 0.01555392 0.01556088 0.0155703  0.01559023
  0.01559076 0.01559222 0.01544821 0.01554211 0.01554007 0.0155244
  0.01553559 0.01557574 0.01558266 0.01547521 0.01569677 0.01555977
  0.01555906 0.01563535 0.01566502 0.01573364 0.01557771 0.01567195
  0.01565336 0.01555407 0.01577899 0.01576962 0.01562923 0.0157301
  0.01573337 0.01572501 0.01570765 0.01554336 0.0157866  0.01577495
  0.01560532 0.01577793 0.01575779 0.01574436 0.01578667 0.01551007
  0.01556383 0.01556459 0.01549877 0.0155636  0.01576013 0.01575803
  0.01579905 0.01557229 0.01555114 0.01564303 0.01565057 0.01559982
  0.01574783 0.01586063 0.01558787 0.01545622 0.01552427 0.01543173
  0.01544879 0.01571136 0.01558531 0.01564408]
 [0.01541334 0.01539829 0.01539002 0.01539549 0.01540639 0.01543461
  0.01546302 0.01547118 0.01534003 0.01539039 0.01542038 0.01541759
  0.01543151 0.01544257 0.0154529  0.01538488 0.01583613 0.01559204
  0.01552438 0.01566612 0.01565968 0.01570688 0.01566912 0.01579025
  0.01579497 0.01558565 0.0158387  0.01588676 0.01563693 0.01568061
  0.01584008 0.01588458 0.01585977 0.01558868 0.01575192 0.01583943
  0.01556458 0.01572793 0.01590236 0.01590614 0.0158884  0.01557938
  0.01555938 0.01557237 0.01554022 0.01550503 0.01577185 0.01588269
  0.0159186  0.01561734 0.01553683 0.01562433 0.01559997 0.01567568
  0.01577147 0.01599976 0.01562373 0.01546003 0.01554187 0.01542853
  0.01545427 0.01570374 0.01571628 0.01564186]
 [0.01537217 0.01535451 0.01533608 0.01533306 0.01535939 0.01540725
  0.01544436 0.0154876  0.01516968 0.01532859 0.0153021  0.01530294
  0.01532284 0.01536109 0.01545607 0.0152322  0.01590819 0.01563112
  0.01539855 0.0155908  0.01563712 0.01567699 0.01562147 0.01581419
  0.01585693 0.01566404 0.01588139 0.01592912 0.01566301 0.01569004
  0.01587063 0.01596676 0.0159292  0.01569368 0.01583732 0.01598873
  0.01559214 0.01570212 0.0160149  0.01601029 0.01601169 0.01564229
  0.0156145  0.01558868 0.01555812 0.01547345 0.01577457 0.01602078
  0.01609939 0.0157047  0.01554761 0.01570816 0.01558666 0.01571537
  0.01579536 0.01620886 0.01555379 0.01526634 0.01539555 0.01524762
  0.01534162 0.0156162  0.01575929 0.01563076]
 [0.01555251 0.01553375 0.01552824 0.01553478 0.01554502 0.01557488
  0.01558597 0.01563758 0.01539228 0.01550552 0.0154654  0.01544923
  0.01546633 0.01555713 0.0156004  0.01530667 0.01578035 0.01563423
  0.01545639 0.0156047  0.01559108 0.01561538 0.01558406 0.01569675
  0.01572287 0.0156766  0.01578898 0.01576938 0.01563155 0.01566785
  0.0157801  0.01578827 0.01576873 0.0156055  0.01582179 0.01591085
  0.01561764 0.01574793 0.01583805 0.01582974 0.01587243 0.01557318
  0.01567779 0.01557318 0.01543538 0.01558271 0.01573861 0.01587439
  0.01591723 0.01560585 0.01561778 0.01567002 0.01561007 0.01559748
  0.01581048 0.01602799 0.01549832 0.01529673 0.01540071 0.01527551
  0.01536106 0.01557828 0.01561508 0.01562531]
 [0.01557965 0.01556511 0.01556492 0.01557088 0.01557958 0.01559795
  0.01560157 0.01559514 0.01543318 0.01555546 0.01556338 0.01554412
  0.01554687 0.01556719 0.01559053 0.01556331 0.01567131 0.01553635
  0.01559326 0.0156213  0.01566838 0.01572984 0.01557377 0.01566892
  0.01564544 0.01552093 0.01575917 0.01573717 0.01562227 0.01571107
  0.01573102 0.01571742 0.01569946 0.0155304  0.01576678 0.0157257
  0.01560079 0.01576229 0.01575839 0.01573207 0.01576796 0.015498
  0.01554804 0.01555951 0.01554694 0.01553114 0.01579369 0.01572702
  0.01577816 0.01556948 0.01553878 0.01563851 0.01563944 0.01562927
  0.015711   0.01581442 0.01562339 0.01550546 0.01555002 0.01548196
  0.01548252 0.01573611 0.01558701 0.01563984]
 [0.01554198 0.01552942 0.01552639 0.01552934 0.0155398  0.01555928
  0.01556713 0.01555138 0.01537633 0.01551984 0.01552644 0.0155108
  0.01551833 0.01551358 0.01555517 0.01554282 0.0156957  0.01554135
  0.01558048 0.01562049 0.01568163 0.01574995 0.01558461 0.01568487
  0.01567372 0.01552978 0.0157695  0.01577633 0.01564297 0.01572079
  0.01572849 0.01574087 0.0157245  0.01556537 0.01576145 0.01575465
  0.01561046 0.01574254 0.0157732  0.01575282 0.01578116 0.0155433
  0.01553486 0.01558386 0.01558006 0.01552126 0.01577777 0.0157441
  0.01580776 0.01561307 0.01553087 0.01565928 0.01563111 0.01564677
  0.01569264 0.01583564 0.01563978 0.01551357 0.01555782 0.01548818
  0.0154901  0.01573312 0.01563749 0.01564189]
 [0.01554004 0.0155262  0.01552324 0.01552697 0.0155376  0.015559
  0.01556601 0.01555178 0.01535313 0.01551478 0.01551788 0.01550092
  0.01550951 0.01550801 0.01555485 0.01552887 0.01570098 0.01553293
  0.0155692  0.0156221  0.01568032 0.01575825 0.01558528 0.01568937
  0.01567535 0.01552714 0.01578078 0.01578475 0.01564002 0.01573144
  0.0157366  0.01574689 0.01572944 0.01556441 0.01577224 0.01577422
  0.01561106 0.01575195 0.01578288 0.01576062 0.01579225 0.01553604
  0.01553716 0.01557928 0.0155771  0.0155151  0.01579166 0.01575566
  0.01582478 0.01561108 0.01552826 0.01566052 0.01562884 0.01564723
  0.01570379 0.0158567  0.01563723 0.01549437 0.01554561 0.01546773
  0.01547288 0.01573507 0.01563235 0.01564227]
 [0.01539029 0.0153741  0.01535342 0.01534252 0.01537723 0.01542847
  0.01546333 0.01548797 0.01509116 0.01534284 0.01530055 0.01530209
  0.01532341 0.01533027 0.01546792 0.01528816 0.01586613 0.01559186
  0.01538558 0.01555317 0.01567095 0.01575098 0.01558696 0.01578343
  0.01582438 0.0156317  0.01586621 0.01592299 0.01568497 0.01574047
  0.01582472 0.01593626 0.01589435 0.0157321  0.01584494 0.01597741
  0.0156184  0.01569217 0.01599711 0.01597302 0.01599242 0.01566073
  0.0155876  0.01561006 0.01565152 0.01544331 0.01578137 0.01598693
  0.01611174 0.01575989 0.01552147 0.01575793 0.01559503 0.0157589
  0.01573169 0.01618941 0.01557913 0.01526562 0.01539565 0.01525023
  0.01533827 0.0156272  0.01576287 0.015627  ]
 [0.01550943 0.01549331 0.01548502 0.01548735 0.01550154 0.01552849
  0.0155404  0.01560066 0.01541983 0.01546079 0.01543381 0.01542145
  0.0154399  0.01553008 0.01555459 0.01526829 0.01580762 0.01569538
  0.01544411 0.01560324 0.01561026 0.01561216 0.01561418 0.01573436
  0.01574528 0.01570084 0.01578831 0.01580067 0.01566467 0.01564183
  0.01581525 0.01581676 0.01579857 0.01562962 0.01580315 0.01590771
  0.01559308 0.01574242 0.0158786  0.01585334 0.01587346 0.01561426
  0.01570592 0.01557922 0.01547319 0.01555558 0.01570631 0.01589576
  0.01593084 0.01563333 0.01565392 0.01564672 0.01566127 0.01560355
  0.01578909 0.01605824 0.01550488 0.01528902 0.01538436 0.0152811
  0.01534931 0.01554596 0.01565753 0.01563081]
 [0.01540439 0.01539245 0.01537912 0.01537276 0.01539568 0.01542931
  0.01546098 0.01550051 0.01530961 0.01537235 0.01537166 0.01537792
  0.01539097 0.01541721 0.01546753 0.01533183 0.01585629 0.01564962
  0.01546177 0.015622   0.01565649 0.01566915 0.01566063 0.01578154
  0.01581667 0.01564987 0.01579761 0.01586614 0.01567087 0.01565479
  0.01584422 0.01590801 0.01587923 0.01567532 0.01574409 0.01585076
  0.01557267 0.01568862 0.01594501 0.01593534 0.01591478 0.01565743
  0.01563581 0.01560277 0.01558911 0.01549589 0.01572329 0.01593214
  0.01597947 0.01568337 0.01558333 0.01566408 0.01560433 0.0157111
  0.01573653 0.01607051 0.01558941 0.01537824 0.01546102 0.01535781
  0.01541578 0.01560389 0.01574696 0.01563192]
 [0.0155158  0.01549542 0.01548204 0.01547891 0.01550599 0.01554958
  0.0155614  0.01560048 0.01521533 0.01545842 0.01539217 0.01537693
  0.0153956  0.01546216 0.01557579 0.01529801 0.01578716 0.01559721
  0.01540629 0.01553782 0.01564266 0.01571314 0.01553079 0.01570891
  0.01573253 0.01563743 0.01583034 0.01583084 0.01567136 0.01575002
  0.01577874 0.01582813 0.01579599 0.01566662 0.01589491 0.01597361
  0.01563504 0.01575483 0.01590545 0.01586967 0.01593415 0.01558122
  0.01561893 0.01556769 0.01554495 0.01550034 0.0157908  0.01592302
  0.0160287  0.01568713 0.01555305 0.01573285 0.0156363  0.01566053
  0.01576639 0.01612253 0.0155196  0.0152274  0.01534964 0.01521824
  0.01530563 0.01560862 0.01564928 0.01562953]
 [0.01553314 0.01551343 0.01551088 0.01552449 0.0155279  0.01555462
  0.01556683 0.01560291 0.01541657 0.01548942 0.01549032 0.01546657
  0.01547887 0.01556073 0.01556185 0.01536052 0.01577635 0.01560407
  0.01550588 0.01563285 0.01560167 0.01564333 0.01560955 0.01573663
  0.0157173  0.01561597 0.015822   0.01579041 0.01561322 0.01567445
  0.01582587 0.01580055 0.01578259 0.01553754 0.01580602 0.01587687
  0.01558122 0.01578385 0.01586419 0.01583388 0.01586257 0.01550228
  0.01563739 0.01552708 0.01545055 0.01553245 0.01580106 0.01585198
  0.01588613 0.01555383 0.01559275 0.01561441 0.01562874 0.01560821
  0.01581137 0.01600207 0.0155444  0.01535408 0.015455   0.01533241
  0.01537866 0.01564369 0.01559758 0.01563595]
 [0.01558062 0.01556959 0.01556836 0.01556981 0.0155809  0.01559531
  0.01559873 0.0155925  0.0154699  0.01556329 0.01556753 0.01555382
  0.01555565 0.01556569 0.01559039 0.01557991 0.01565805 0.01556729
  0.01560446 0.01561978 0.01567896 0.01571878 0.01558006 0.01565439
  0.01563854 0.01554034 0.01572938 0.01571877 0.01563153 0.01570023
  0.01570259 0.01569983 0.01568346 0.01555631 0.01573304 0.01568113
  0.0156077  0.01572791 0.01572735 0.01571097 0.01573794 0.01554916
  0.0155614  0.01560346 0.01556798 0.01555986 0.01573099 0.01570239
  0.01574423 0.01559668 0.01556135 0.0156548  0.01564897 0.01562865
  0.01567546 0.0157657  0.0156249  0.01554001 0.01556615 0.0155199
  0.01552283 0.01571899 0.01560749 0.01563789]
 [0.01553187 0.01551976 0.0155164  0.01551864 0.0155296  0.01554867
  0.01555684 0.01554139 0.01537813 0.0155102  0.0155192  0.01550591
  0.01551447 0.0155067  0.01554549 0.01553453 0.01570125 0.01554871
  0.01557826 0.01562614 0.01568803 0.01575292 0.01559161 0.01569056
  0.01567847 0.01553264 0.01577116 0.01578557 0.01564732 0.01571731
  0.01573189 0.01574658 0.01573047 0.01557017 0.0157564  0.01575226
  0.01560676 0.01574062 0.01577639 0.01575794 0.0157801  0.01555408
  0.01553719 0.01559134 0.01558355 0.01552031 0.0157698  0.01574771
  0.01580934 0.01561841 0.01553467 0.01565749 0.01563704 0.01564544
  0.01569344 0.01583856 0.01564297 0.01551641 0.01555974 0.01549137
  0.01549109 0.01573186 0.01564782 0.01564298]
 [0.01554462 0.01553215 0.01552751 0.01552735 0.01554176 0.01556177
  0.01556725 0.01557497 0.01540254 0.01551684 0.01550969 0.01549479
  0.01550176 0.01552299 0.01556556 0.01549325 0.01570845 0.01559217
  0.01555469 0.01560336 0.01567343 0.01571539 0.01558548 0.01568637
  0.01567851 0.0155708  0.01575645 0.01576463 0.0156537  0.01570559
  0.01574169 0.01574676 0.01572939 0.01558428 0.01577192 0.01576442
  0.0156065  0.01573966 0.01579079 0.01576314 0.01579087 0.0155679
  0.01558022 0.01558965 0.01556729 0.01553279 0.01575137 0.01576943
  0.01582571 0.01562404 0.01556698 0.01565772 0.01565478 0.01563267
  0.01569899 0.01587086 0.01560626 0.01546298 0.01550732 0.01544652
  0.01546242 0.01568457 0.01563773 0.01563849]
 [0.01531001 0.01529198 0.01526526 0.01525196 0.0152941  0.01535573
  0.01540293 0.01542622 0.01499613 0.01526576 0.0152196  0.01523351
  0.015258   0.01525624 0.01541767 0.01521866 0.01594207 0.0155816
  0.01534519 0.01555306 0.01568046 0.01576169 0.01559418 0.01581754
  0.01590326 0.01563749 0.01590513 0.016001   0.01569759 0.01574
  0.01585177 0.01603041 0.01597893 0.01577961 0.01587555 0.01604093
  0.01561474 0.01567208 0.01606567 0.01607624 0.01608175 0.01569028
  0.01554684 0.01561173 0.01564817 0.0154229  0.01578903 0.01608313
  0.01621319 0.01579925 0.01547124 0.01578716 0.01555874 0.01579166
  0.01576216 0.01629449 0.0155805  0.01523638 0.01538137 0.01521478
  0.01532264 0.01564136 0.01583291 0.01562846]
 [0.01546927 0.01544867 0.01543219 0.0154219  0.01546162 0.01551483
  0.01553523 0.01554983 0.01512307 0.01542479 0.01536627 0.01536885
  0.0153827  0.01540354 0.01554755 0.01538026 0.01578502 0.01551739
  0.01542161 0.01554619 0.01568638 0.01579908 0.01551677 0.01570695
  0.01574955 0.01556081 0.01584203 0.0158632  0.0156605  0.01579092
  0.0157659  0.01587254 0.01582453 0.01569233 0.01588041 0.01590136
  0.01563557 0.01572976 0.01592363 0.01591128 0.0159676  0.01557944
  0.01554005 0.01559446 0.01561612 0.01547176 0.01581016 0.01593491
  0.0160576  0.0157064  0.01547434 0.0157809  0.01559617 0.01573268
  0.01573835 0.01610692 0.01557843 0.0152845  0.01540316 0.0152631
  0.01534834 0.01569883 0.01566891 0.01563263]
 [0.01543605 0.01541388 0.01539589 0.01539085 0.01542375 0.01547657
  0.01550076 0.01552192 0.01511334 0.01538498 0.01532021 0.01532246
  0.01534929 0.01538607 0.01551831 0.01524454 0.01585038 0.01555972
  0.01537365 0.01556663 0.01566235 0.01575939 0.01554251 0.01573197
  0.01579986 0.01562754 0.015876   0.01592272 0.01567843 0.01576345
  0.0157816  0.0159057  0.01586562 0.01571578 0.01590534 0.01602365
  0.01564172 0.01573137 0.01594097 0.01595291 0.01600336 0.01561802
  0.01556422 0.01559259 0.01554662 0.01549582 0.01578259 0.01599488
  0.01610827 0.01572736 0.01549531 0.01577527 0.01558732 0.01569401
  0.01579443 0.01619402 0.01553805 0.01522878 0.0153712  0.01520501
  0.01530829 0.0156439  0.01571912 0.01563344]
 [0.01551839 0.01550537 0.01549238 0.01548478 0.01551125 0.0155472
  0.01557175 0.0155843  0.01530362 0.01548938 0.01544596 0.01544487
  0.01545418 0.01547311 0.01556946 0.01544207 0.0157405  0.01558481
  0.01549189 0.01555374 0.01566027 0.01570318 0.0155389  0.01568064
  0.01571549 0.01561289 0.0157765  0.01577826 0.01565026 0.01572441
  0.01571273 0.01579566 0.01576249 0.01567499 0.01578776 0.01580625
  0.01563946 0.01566907 0.01582869 0.01582419 0.01586648 0.01561943
  0.01557589 0.01562791 0.01560334 0.01554635 0.0157087  0.01583231
  0.01590827 0.01569557 0.01553814 0.01575541 0.0155991  0.01570558
  0.01568056 0.01594703 0.0155681  0.01539696 0.01548381 0.01538278
  0.01546136 0.01565227 0.01566941 0.01562412]
 [0.01549302 0.01546768 0.01545195 0.01545165 0.01548058 0.01553494
  0.01554917 0.01557226 0.0150738  0.01542271 0.01535673 0.01533089
  0.01535291 0.0154107  0.0155543  0.01528062 0.01581174 0.0155321
  0.0153724  0.0155077  0.01564364 0.01577752 0.01550177 0.01573939
  0.01575462 0.01559391 0.01589214 0.01588932 0.01567947 0.01579827
  0.01581304 0.01586876 0.01583072 0.01565745 0.01597307 0.01608265
  0.01563947 0.01579942 0.01597653 0.01591288 0.01600137 0.01552053
  0.01556487 0.01550525 0.01557453 0.01541876 0.0158984  0.01597024
  0.01612772 0.01569645 0.01548754 0.01574303 0.01562427 0.01570081
  0.01578194 0.01622976 0.01553615 0.01516123 0.01531775 0.01515059
  0.01523305 0.01564344 0.01564771 0.01563268]
 [0.01565945 0.01564298 0.0156503  0.01566621 0.01566038 0.01566792
  0.01565995 0.01567824 0.01559396 0.01562317 0.01562947 0.01559435
  0.01559913 0.01568022 0.01564557 0.01550926 0.01564635 0.0156003
  0.01560304 0.01563242 0.01561546 0.0156461  0.01557546 0.0156593
  0.01559554 0.01557362 0.01573943 0.01566596 0.0156044  0.01567238
  0.01574337 0.01565076 0.01564864 0.01546033 0.0157686  0.01572605
  0.01559221 0.01581055 0.01571585 0.01566733 0.01571305 0.01545181
  0.01562992 0.01553082 0.01542735 0.01559149 0.01577858 0.01568784
  0.01569917 0.01548781 0.0156227  0.0155763  0.01568389 0.01552483
  0.01576698 0.01578099 0.01555895 0.0154664  0.01551684 0.01545091
  0.01545123 0.01568193 0.01550631 0.01563987]
 [0.01547518 0.01546187 0.01545513 0.01545629 0.01547042 0.01549615
  0.01551229 0.01552219 0.01533458 0.01544624 0.01545667 0.01544606
  0.01545678 0.01546575 0.0155088  0.01544457 0.01577358 0.0155895
  0.01552828 0.0156271  0.01566517 0.01571952 0.01562789 0.01574804
  0.01573962 0.01557271 0.0157973  0.01582226 0.01564731 0.01568797
  0.01580521 0.01582206 0.01580075 0.01558917 0.01576647 0.01580702
  0.01558596 0.01573849 0.01586541 0.01584145 0.015843   0.01557893
  0.01558209 0.01558668 0.0155713  0.01549873 0.01578255 0.01583238
  0.01589235 0.01562542 0.01556091 0.01564267 0.01563242 0.01565783
  0.0157372  0.0159528  0.01562264 0.01544488 0.01550642 0.01542127
  0.0154385  0.01569451 0.01567889 0.01563844]
 [0.01549347 0.01548234 0.0154756  0.01547416 0.01548932 0.01551213
  0.01553044 0.01555366 0.01540431 0.01546874 0.01547197 0.01546643
  0.01547491 0.01549799 0.01553364 0.01544419 0.01576685 0.01562684
  0.01553137 0.01562279 0.01564983 0.01566836 0.01562965 0.01572309
  0.01573552 0.01560765 0.01575332 0.01577854 0.01564793 0.01565327
  0.01578553 0.01580813 0.01578722 0.01560589 0.01573534 0.01576305
  0.01558819 0.0157099  0.01583853 0.01582932 0.01582537 0.01561318
  0.01561692 0.01561175 0.01554848 0.01554252 0.01572459 0.01582265
  0.01585984 0.01562844 0.01559401 0.01564921 0.01562773 0.01564797
  0.01572598 0.01592071 0.01559726 0.01545689 0.01550469 0.01543363
  0.01546444 0.01565451 0.01567894 0.01563083]
 [0.01537019 0.01535549 0.01533362 0.01532337 0.01535696 0.01540694
  0.01544907 0.01547982 0.01514166 0.01533412 0.01529411 0.01530325
  0.01532246 0.01533602 0.01546089 0.01527033 0.01589272 0.01562146
  0.01539927 0.01556481 0.0156536  0.0156958  0.01559753 0.01578292
  0.01585668 0.01566183 0.01585135 0.01591775 0.01567937 0.01570321
  0.01581968 0.01596048 0.01591928 0.01574285 0.01582103 0.01595555
  0.01561612 0.01565764 0.01598926 0.01600167 0.01600713 0.01569091
  0.01558835 0.01563105 0.01560473 0.01548691 0.0157308  0.01600561
  0.01609584 0.01575723 0.0155268  0.0157636  0.01556845 0.01574803
  0.0157423  0.01617347 0.01556377 0.01529961 0.01541748 0.0152793
  0.01538427 0.01561805 0.01579017 0.015626  ]
 [0.01543029 0.01540982 0.01539072 0.01538109 0.01541956 0.01547432
  0.01549993 0.01552235 0.01509388 0.01537915 0.01532775 0.01532735
  0.01534399 0.01536931 0.01550942 0.01531975 0.01582978 0.01554633
  0.01539351 0.01553957 0.01568417 0.01578214 0.01553998 0.01575099
  0.01578768 0.01559012 0.01587307 0.01590551 0.01567339 0.01577454
  0.01580725 0.01591225 0.01586544 0.01570587 0.01589542 0.01596816
  0.01562212 0.01572907 0.01598147 0.01595293 0.01599791 0.0155902
  0.01555432 0.01557095 0.01563303 0.01543395 0.01582624 0.01597804
  0.01610914 0.01572742 0.015481   0.01576338 0.01560491 0.01574841
  0.01574805 0.0161826  0.01557243 0.01524211 0.0153783  0.01522946
  0.01531524 0.01566529 0.01570556 0.0156327 ]
 [0.01550736 0.0154881  0.01547391 0.01546887 0.01549822 0.01554134
  0.01555393 0.01558537 0.01522752 0.01546095 0.01538701 0.01538297
  0.01540371 0.01545669 0.01557532 0.01530122 0.01578435 0.01559656
  0.015417   0.01555633 0.01565174 0.01571875 0.01552477 0.01568498
  0.01573596 0.01564099 0.01581876 0.01583578 0.0156705  0.01575633
  0.01573917 0.01582506 0.01579238 0.01569046 0.01587483 0.01594058
  0.01565105 0.01572682 0.01586383 0.01586789 0.0159289  0.01562208
  0.01560133 0.01561889 0.01552492 0.01555086 0.01573176 0.01591665
  0.01600603 0.01570232 0.01554605 0.01576751 0.01561859 0.01564825
  0.0157624  0.01608016 0.0155202  0.01526845 0.01537912 0.01525039
  0.01535077 0.01562652 0.0156685  0.01563207]
 [0.01537054 0.01535271 0.01533576 0.01533846 0.01535698 0.01540007
  0.01543808 0.01549079 0.01525562 0.01532255 0.01532011 0.01531687
  0.01533859 0.01539811 0.01544073 0.0151933  0.01592319 0.01567462
  0.01540109 0.0156109  0.01561582 0.01563291 0.01564946 0.01584418
  0.01586173 0.01569835 0.01589769 0.01593118 0.01565273 0.015642
  0.01590323 0.01596507 0.01593304 0.01566213 0.01582416 0.01600528
  0.01556806 0.01571096 0.01602858 0.01600965 0.01599592 0.01562628
  0.01565359 0.01556453 0.01552578 0.01547152 0.0157623  0.01601716
  0.01607561 0.01567506 0.0155861  0.01566275 0.01561235 0.01569527
  0.01582122 0.01621953 0.01553481 0.01525218 0.01539756 0.0152424
  0.0153289  0.01558064 0.01575159 0.01563175]
 [0.0156095  0.01559722 0.01558935 0.01558219 0.01560779 0.0156364
  0.01564352 0.01562671 0.01534306 0.0155908  0.01553864 0.0155292
  0.01553014 0.01553238 0.01564138 0.0155987  0.01562854 0.01551493
  0.01557087 0.01553492 0.01568765 0.01575787 0.01547054 0.01558895
  0.0156228  0.01552958 0.01572549 0.01571034 0.01565169 0.01577922
  0.01562077 0.0156915  0.01566258 0.01562955 0.01579829 0.01571801
  0.01566693 0.01569434 0.01571414 0.01570967 0.01578983 0.01556244
  0.01550251 0.01562162 0.01561166 0.01556526 0.01572878 0.01571918
  0.01580366 0.01566958 0.01548975 0.01577195 0.01561002 0.01567949
  0.01562352 0.01579036 0.01560262 0.01549113 0.01553283 0.01547154
  0.015521   0.01572783 0.01560594 0.01563137]
 [0.01556483 0.01554242 0.01554331 0.01555713 0.01556083 0.01558653
  0.01558488 0.01558839 0.01535044 0.0155103  0.01551449 0.01548222
  0.01550161 0.01555555 0.01556848 0.01540727 0.01572762 0.0155342
  0.01551033 0.01563179 0.01564395 0.01576022 0.01558113 0.01572187
  0.01566466 0.01553956 0.01584191 0.01581473 0.0156337  0.01573478
  0.01580658 0.01575339 0.01573937 0.01550462 0.01585101 0.01589656
  0.01559152 0.01585125 0.01583704 0.01577636 0.01582568 0.01544702
  0.0155826  0.01549834 0.01548586 0.01548385 0.01588116 0.01580485
  0.01588456 0.01554627 0.01555204 0.01560504 0.01567022 0.01558817
  0.0158116  0.01598588 0.01558621 0.01535267 0.01545883 0.01533002
  0.01533187 0.01570752 0.0155674  0.01564556]
 [0.01547263 0.01546226 0.0154566  0.01545655 0.01546998 0.01549138
  0.01551214 0.01552732 0.01541296 0.01545491 0.01547926 0.0154759
  0.01548168 0.01548962 0.01551032 0.01548192 0.01576843 0.01561073
  0.01555999 0.01564864 0.01565742 0.01568145 0.01565149 0.01573833
  0.01574157 0.01557875 0.0157609  0.01579086 0.01563573 0.01564898
  0.01580099 0.01582067 0.01579899 0.01558267 0.01570911 0.01572633
  0.01557155 0.0157091  0.01584313 0.01583802 0.01581784 0.01560143
  0.01559644 0.01561271 0.01555782 0.01553149 0.01573703 0.01581158
  0.01584065 0.01560949 0.01558056 0.01563064 0.01562081 0.01565872
  0.01572555 0.01589365 0.01562845 0.01550708 0.01554545 0.01547835
  0.01549403 0.01569159 0.01568494 0.01563434]
 [0.01556639 0.0155484  0.01554347 0.01554901 0.0155612  0.01558965
  0.01559832 0.01560384 0.01535151 0.01552932 0.01550004 0.01548206
  0.01549438 0.01553836 0.01559329 0.01543639 0.01571746 0.01555062
  0.01551794 0.01559087 0.01564632 0.01571464 0.01554259 0.01567211
  0.01567869 0.01558012 0.01579614 0.01577774 0.01563861 0.01573758
  0.01572682 0.01575112 0.01573001 0.01558873 0.01582439 0.01585203
  0.01563002 0.01575453 0.01579516 0.01577781 0.01583856 0.01552538
  0.01556702 0.01555857 0.0155198  0.01554384 0.01577847 0.01580292
  0.01587011 0.01561558 0.01553502 0.01569035 0.01561754 0.01563517
  0.01573795 0.01593201 0.01556715 0.01539243 0.0154804  0.01537147
  0.01541995 0.0156794  0.01560654 0.01563668]
 [0.01555627 0.01553405 0.01552554 0.0155328  0.01554807 0.01558724
  0.0155949  0.01558103 0.01519937 0.01550916 0.01545768 0.0154312
  0.01544809 0.01548041 0.01558518 0.01540893 0.01572482 0.01548956
  0.01548501 0.01554943 0.01566419 0.01578314 0.01548325 0.01567975
  0.01568387 0.01554673 0.01586555 0.0158407  0.01565316 0.01581623
  0.01571847 0.01576965 0.01574527 0.01560106 0.01591783 0.01596892
  0.01565723 0.0157851  0.01583239 0.0158006  0.01589833 0.01548235
  0.01549663 0.01552144 0.01554669 0.01548832 0.01585895 0.0158382
  0.0159554  0.01564724 0.01545971 0.01573487 0.01560918 0.01565614
  0.01574433 0.01601279 0.01557253 0.01532811 0.01544994 0.0153105
  0.01536834 0.0157219  0.01561073 0.01564548]
 [0.01565331 0.01563099 0.0156293  0.01563895 0.01564991 0.01568109
  0.01567424 0.01564061 0.01527398 0.01560987 0.01555562 0.01552134
  0.0155349  0.01556396 0.0156568  0.01552531 0.01562326 0.01543898
  0.01554123 0.01555497 0.01566856 0.01581653 0.01544418 0.01559979
  0.01558843 0.01549372 0.01582006 0.01576603 0.01563751 0.01584733
  0.01564425 0.01566208 0.01564258 0.01555145 0.01590018 0.01588629
  0.0156767  0.01580787 0.01571948 0.01568531 0.01581082 0.01543256
  0.01547599 0.01552346 0.01553501 0.01552481 0.01585759 0.01572679
  0.0158439  0.0156055  0.01545415 0.0157367  0.01561927 0.01562527
  0.0157123  0.01587204 0.0155846  0.01539415 0.01549331 0.01537043
  0.01540753 0.01575956 0.01553201 0.01564537]
 [0.0155502  0.01552823 0.0155187  0.0155246  0.01554145 0.01558144
  0.01559029 0.01557829 0.01519669 0.01550163 0.0154502  0.0154246
  0.0154423  0.01547378 0.0155785  0.01539907 0.01572957 0.01549924
  0.01547623 0.01554499 0.01566561 0.01578424 0.0154856  0.01568772
  0.01568692 0.01555552 0.01586924 0.0158439  0.01565423 0.01581523
  0.01572299 0.0157741  0.01574869 0.01561037 0.01591522 0.01597131
  0.01565686 0.01577947 0.01584157 0.01580526 0.0159015  0.01549166
  0.0155056  0.01552724 0.01555859 0.01548473 0.01584925 0.01584256
  0.01596276 0.01565621 0.01546771 0.01573952 0.01561508 0.01566374
  0.0157395  0.01602335 0.01556858 0.01531688 0.0154449  0.01530241
  0.01536313 0.01571205 0.01561437 0.01564472]
 [0.01556622 0.01554387 0.01553316 0.01553422 0.01555826 0.01560075
  0.01560495 0.01559007 0.01517115 0.0155177  0.01544742 0.01542506
  0.01544221 0.01546968 0.01560029 0.01541752 0.01570727 0.01548616
  0.01546764 0.01552645 0.01568091 0.0158152  0.01545952 0.01565732
  0.01566844 0.01554226 0.01585086 0.01583186 0.01566466 0.01584289
  0.01569183 0.01575846 0.01572885 0.01563277 0.01593001 0.01595488
  0.01567319 0.01577732 0.0158202  0.01578988 0.01589932 0.01550538
  0.01549354 0.01554791 0.01557569 0.0154946  0.0158368  0.01583575
  0.01596853 0.0156784  0.01545592 0.01577217 0.0156214  0.01566595
  0.01572061 0.0160111  0.01556767 0.01530998 0.01542956 0.015295
  0.01536087 0.01572126 0.01560778 0.01564345]
 [0.01565362 0.01563368 0.01563795 0.01565591 0.01564966 0.01566289
  0.01565201 0.01566512 0.01549897 0.01560257 0.01558708 0.01554708
  0.01556462 0.01565085 0.01563987 0.01541221 0.01567323 0.01558709
  0.01553997 0.01561462 0.01561457 0.01567256 0.01555043 0.01565688
  0.01561319 0.01560355 0.01578625 0.0157291  0.01563177 0.01570484
  0.01572987 0.01565819 0.01565759 0.01550081 0.01583875 0.01588003
  0.01562113 0.01582826 0.0157328  0.0156821  0.01575631 0.01545901
  0.01562344 0.01550526 0.0154256  0.01556887 0.01579535 0.01573343
  0.01578138 0.01553698 0.01560255 0.01560839 0.01567887 0.01552996
  0.01578518 0.01588382 0.01553017 0.0153698  0.01546059 0.01535698
  0.01537532 0.01563894 0.01553002 0.01564203]
 [0.01535294 0.01533823 0.01532026 0.01531661 0.01534146 0.01538515
  0.01542546 0.01542831 0.0151503  0.0153247  0.01532042 0.01532531
  0.01534412 0.0153287  0.01542264 0.01532846 0.01588448 0.01557638
  0.01545314 0.01560824 0.01567928 0.01574421 0.0156281  0.01580758
  0.01585165 0.01559862 0.01587545 0.01595002 0.01567017 0.01571743
  0.01583452 0.0159564  0.01592167 0.0156851  0.01580271 0.01593001
  0.01559612 0.01568912 0.01597627 0.01598653 0.01597822 0.01564101
  0.01552725 0.01560262 0.01561217 0.01545852 0.01578117 0.01596703
  0.01605195 0.01571771 0.01548974 0.01571539 0.01557188 0.01573965
  0.01574745 0.01611863 0.01562173 0.01538576 0.01549194 0.01535787
  0.01541906 0.01569567 0.01579201 0.01563934]
 [0.01549382 0.01547472 0.01546542 0.01546932 0.0154859  0.01552136
  0.01553642 0.01555944 0.01528508 0.01544894 0.01542573 0.01541086
  0.01542705 0.01547595 0.01553556 0.01534613 0.01578833 0.01558458
  0.01546711 0.01559686 0.01564681 0.01571312 0.01558128 0.01573816
  0.01573696 0.01560677 0.01584392 0.01584509 0.01564608 0.01572749
  0.01579948 0.01582912 0.01580239 0.01561159 0.01584001 0.01591844
  0.01560585 0.01575763 0.01588948 0.01586182 0.01589973 0.01555274
  0.01559458 0.01555743 0.01553572 0.01550058 0.01579553 0.01588499
  0.01596111 0.01563885 0.01554804 0.01567916 0.01562917 0.01565663
  0.01577191 0.01605227 0.01556231 0.01532469 0.01543513 0.01530841
  0.01536556 0.01565637 0.01565172 0.01563738]]
